%YAML:1.0
AWSCamPar: 0
FishEye: 0
Params: !!opencv-matrix
   rows: 1
   cols: 12
   dt: d
   data: [517.306408, 516.469215,
       318.643040, 255.313989,
       0.262383, -0.953104, -0.005358, 0.002628,
       1.163314, 0.,
       0., 0. ]
