%YAML:1.0
AWSCamPar: 0
FishEye: 0
Params: !!opencv-matrix
   rows: 1
   cols: 12
   dt: d
   data: [ 1.4138767346226757e+003, 1.4139390383098676e+003,
       9.6319441141882567e+002, 5.7628496708437842e+002,
       -9.0039760307679337e-002, 1.1452599777072203e-001, 0., 0.,
       3.4755734835861862e-001, 9.0919984164909914e-002,
       -5.8278957247821707e-002, 4.9679287555607182e-001 ]
